[avatar.jpg]
filters=MuseumMatte=1,0.000000,4.093567,001a0e03,00f0eae4;
moddate=5ddd6cd42d54d001
width=48
height=48
textactive=0
[angel-wings.jpg]
filters=Border=1,0.000000,5.000000,0.000000,00000000,00ffffff,0.000000;
moddate=6a37484f6261d001
width=276
height=208
textactive=0
[angel-wings.1.jpg]
filters=Border=1,0.000000,5.000000,0.000000,00000000,00ffffff,0.000000;
moddate=640fc2f46261d001
width=218
height=161
textactive=0
[angel-wings.2.jpg]
filters=Border=1,0.000000,5.000000,0.000000,00000000,00ffffff,0.000000;
moddate=fab5e6b36361d001
width=178
height=127
textactive=0
